8.960221999999999753e+03
8.960720999999999549e+03
8.961218999999999141e+03
8.961718000000000757e+03
8.962217000000000553e+03
8.962716000000000349e+03
8.963215000000000146e+03
8.963712999999999738e+03
8.964212999999999738e+03
8.964711999999999534e+03
8.965210999999999331e+03
8.965709999999999127e+03
8.966209000000000742e+03
8.966709000000000742e+03
8.967208000000000538e+03
8.967707000000000335e+03
8.968207000000000335e+03
8.968706000000000131e+03
8.969206000000000131e+03
8.969706000000000131e+03
8.970204999999999927e+03
8.970704999999999927e+03
8.971204999999999927e+03
8.971704999999999927e+03
8.972204999999999927e+03
8.972704999999999927e+03
8.973204999999999927e+03
8.973704999999999927e+03
8.974204999999999927e+03
8.974706000000000131e+03
8.975206000000000131e+03
8.975706000000000131e+03
8.976207000000000335e+03
8.976707000000000335e+03
8.977208000000000538e+03
8.977708000000000538e+03
8.978209000000000742e+03
8.978709999999999127e+03
8.979210999999999331e+03
8.979711999999999534e+03
8.980211999999999534e+03
8.980712999999999738e+03
8.981213999999999942e+03
8.981715000000000146e+03
8.982217000000000553e+03
8.982718000000000757e+03
8.983218999999999141e+03
8.983719999999999345e+03
8.984221999999999753e+03
8.984722999999999956e+03
8.985225000000000364e+03
8.985726000000000568e+03
8.986199000000000524e+03
8.986700999999999112e+03
8.987202999999999520e+03
8.987703999999999724e+03
8.988206000000000131e+03
8.988708000000000538e+03
8.989209999999999127e+03
8.989711999999999534e+03
8.990213999999999942e+03
8.990716000000000349e+03
8.991218999999999141e+03
8.991720999999999549e+03
8.992222999999999956e+03
8.992726000000000568e+03
8.993199000000000524e+03
8.993701999999999316e+03
8.994203999999999724e+03
8.994707000000000335e+03
8.995209999999999127e+03
8.995711999999999534e+03
8.996215000000000146e+03
8.996718000000000757e+03
8.997220999999999549e+03
8.997724000000000160e+03
8.998198000000000320e+03
8.998700999999999112e+03
8.999203999999999724e+03
8.999708000000000538e+03
9.000210999999999331e+03
9.000713999999999942e+03
9.001218000000000757e+03
9.001720999999999549e+03
9.002224000000000160e+03
9.002699000000000524e+03
9.003202999999999520e+03
9.003707000000000335e+03
9.004209999999999127e+03
9.004713999999999942e+03
9.005218000000000757e+03
9.005721999999999753e+03
9.006226000000000568e+03
9.006700999999999112e+03
9.007204999999999927e+03
9.007709000000000742e+03
9.008212999999999738e+03
9.008718000000000757e+03
9.009221999999999753e+03
9.009698000000000320e+03
9.010201999999999316e+03
9.012219999999999345e+03
9.014210999999999331e+03
9.016201999999999316e+03
9.018222999999999956e+03
9.020217000000000553e+03
9.022210999999999331e+03
9.024206000000000131e+03
9.026201999999999316e+03
9.028199000000000524e+03
9.030226000000000568e+03
9.032225000000000364e+03
9.034224000000000160e+03
9.036225000000000364e+03
9.038198000000000320e+03
9.040200000000000728e+03
9.042203999999999724e+03
9.044208000000000538e+03
9.046213999999999942e+03
9.048219999999999345e+03
9.050198000000000320e+03
9.052206000000000131e+03
9.054215000000000146e+03
9.056225000000000364e+03
9.058207000000000335e+03
