8.770200000000000728e+03
8.780206000000000131e+03
8.790209000000000742e+03
8.800208000000000538e+03
8.810204999999999927e+03
8.820225000000000364e+03
8.830213999999999942e+03
8.840199000000000524e+03
8.850208000000000538e+03
8.860212999999999738e+03
8.870213999999999942e+03
8.880209999999999127e+03
8.890202999999999520e+03
8.900218999999999141e+03
8.910202999999999520e+03
8.920210999999999331e+03
8.930212999999999738e+03
8.940211999999999534e+03
8.950204999999999927e+03
8.950701999999999316e+03
8.951200000000000728e+03
8.951726000000000568e+03
8.952222999999999956e+03
8.952720999999999549e+03
8.953218999999999141e+03
8.953717000000000553e+03
8.954215000000000146e+03
8.954712999999999738e+03
8.955210999999999331e+03
8.955709000000000742e+03
8.956207000000000335e+03
8.956704999999999927e+03
8.957202999999999520e+03
8.957700999999999112e+03
8.958200000000000728e+03
8.958698000000000320e+03
8.959225000000000364e+03
8.959722999999999956e+03
8.960221999999999753e+03
8.960720999999999549e+03
8.961218999999999141e+03
8.961718000000000757e+03
8.962217000000000553e+03
8.962716000000000349e+03
8.963215000000000146e+03
8.963712999999999738e+03
8.964212999999999738e+03
8.964711999999999534e+03
8.965210999999999331e+03
8.965709999999999127e+03
8.966209000000000742e+03
8.966709000000000742e+03
8.967208000000000538e+03
8.967707000000000335e+03
8.968207000000000335e+03
8.968706000000000131e+03
8.969206000000000131e+03
8.969706000000000131e+03
8.970204999999999927e+03
8.970704999999999927e+03
8.971204999999999927e+03
8.971704999999999927e+03
8.972204999999999927e+03
8.972704999999999927e+03
8.973204999999999927e+03
8.973704999999999927e+03
8.974204999999999927e+03
8.974706000000000131e+03
8.975206000000000131e+03
8.975706000000000131e+03
8.976207000000000335e+03
8.976707000000000335e+03
8.977208000000000538e+03
8.977708000000000538e+03
8.978209000000000742e+03
8.978709999999999127e+03
8.979210999999999331e+03
8.979711999999999534e+03
8.980211999999999534e+03
8.980712999999999738e+03
8.981213999999999942e+03
8.981715000000000146e+03
8.982217000000000553e+03
8.982718000000000757e+03
8.983218999999999141e+03
8.983719999999999345e+03
8.984221999999999753e+03
8.984722999999999956e+03
8.985225000000000364e+03
8.985726000000000568e+03
8.986199000000000524e+03
8.986700999999999112e+03
8.987202999999999520e+03
8.987703999999999724e+03
8.988206000000000131e+03
8.988708000000000538e+03
8.989209999999999127e+03
8.989711999999999534e+03
8.990213999999999942e+03
8.990716000000000349e+03
8.991218999999999141e+03
8.991720999999999549e+03
8.992222999999999956e+03
8.992726000000000568e+03
8.993199000000000524e+03
8.993701999999999316e+03
8.994203999999999724e+03
8.994707000000000335e+03
8.995209999999999127e+03
8.995711999999999534e+03
8.996215000000000146e+03
8.996718000000000757e+03
8.997220999999999549e+03
8.997724000000000160e+03
8.998198000000000320e+03
8.998700999999999112e+03
8.999203999999999724e+03
8.999708000000000538e+03
9.000210999999999331e+03
9.000713999999999942e+03
9.001218000000000757e+03
9.001720999999999549e+03
9.002224000000000160e+03
9.002699000000000524e+03
9.003202999999999520e+03
9.003707000000000335e+03
9.004209999999999127e+03
9.004713999999999942e+03
9.005218000000000757e+03
9.005721999999999753e+03
9.006226000000000568e+03
9.006700999999999112e+03
9.007204999999999927e+03
9.007709000000000742e+03
9.008212999999999738e+03
9.008718000000000757e+03
9.009221999999999753e+03
9.009698000000000320e+03
9.010201999999999316e+03
9.012219999999999345e+03
9.014210999999999331e+03
9.016201999999999316e+03
9.018222999999999956e+03
9.020217000000000553e+03
9.022210999999999331e+03
9.024206000000000131e+03
9.026201999999999316e+03
9.028199000000000524e+03
9.030226000000000568e+03
9.032225000000000364e+03
9.034224000000000160e+03
9.036225000000000364e+03
9.038198000000000320e+03
9.040200000000000728e+03
9.042203999999999724e+03
9.044208000000000538e+03
9.046213999999999942e+03
9.048219999999999345e+03
9.050198000000000320e+03
9.052206000000000131e+03
9.054215000000000146e+03
9.056225000000000364e+03
9.058207000000000335e+03
9.060218999999999141e+03
9.062202999999999520e+03
9.064217000000000553e+03
9.066201999999999316e+03
9.068218000000000757e+03
9.070204999999999927e+03
9.072222999999999956e+03
9.074211999999999534e+03
9.076201999999999316e+03
9.078222999999999956e+03
9.080215000000000146e+03
9.082208000000000538e+03
9.084201999999999316e+03
9.086226000000000568e+03
9.088220999999999549e+03
9.090218000000000757e+03
9.092215000000000146e+03
9.094213999999999942e+03
9.096212999999999738e+03
9.098213999999999942e+03
9.100215000000000146e+03
9.102217000000000553e+03
9.104219999999999345e+03
9.106224000000000160e+03
9.108200000000000728e+03
9.110206000000000131e+03
9.112212999999999738e+03
9.114219999999999345e+03
9.116200000000000728e+03
9.118209000000000742e+03
9.120219999999999345e+03
9.122201999999999316e+03
9.124213999999999942e+03
9.126198000000000320e+03
9.128211999999999534e+03
9.130198000000000320e+03
9.132213999999999942e+03
9.134200999999999112e+03
9.136218999999999141e+03
9.138208000000000538e+03
9.140199000000000524e+03
9.142218999999999141e+03
9.144210999999999331e+03
9.146203999999999724e+03
9.148198000000000320e+03
9.150221999999999753e+03
9.152218000000000757e+03
9.154215000000000146e+03
9.156211999999999534e+03
9.158210999999999331e+03
9.160209999999999127e+03
9.162209999999999127e+03
9.164210999999999331e+03
9.166213999999999942e+03
9.168217000000000553e+03
9.170220999999999549e+03
9.172225000000000364e+03
9.174200999999999112e+03
9.176208000000000538e+03
9.178216000000000349e+03
9.180224000000000160e+03
9.182203999999999724e+03
9.184213999999999942e+03
9.186225000000000364e+03
9.188208000000000538e+03
9.190220999999999549e+03
9.192204999999999927e+03
9.194219999999999345e+03
9.196206000000000131e+03
9.198222999999999956e+03
9.200209999999999127e+03
9.202199000000000524e+03
9.204218999999999141e+03
9.206209000000000742e+03
9.208200000000000728e+03
9.210222999999999956e+03
9.212216000000000349e+03
9.214209999999999127e+03
9.216204999999999927e+03
9.218200999999999112e+03
9.220198000000000320e+03
9.222226000000000568e+03
9.224224000000000160e+03
9.226224000000000160e+03
9.228224000000000160e+03
9.230226000000000568e+03
9.232198000000000320e+03
9.234200999999999112e+03
9.236204999999999927e+03
9.238209999999999127e+03
9.240216000000000349e+03
9.242222999999999956e+03
9.244200000000000728e+03
9.246209000000000742e+03
9.248218000000000757e+03
9.250199000000000524e+03
9.252209999999999127e+03
9.254221999999999753e+03
9.256204999999999927e+03
9.258218999999999141e+03
9.260203999999999724e+03
9.262219999999999345e+03
9.264206000000000131e+03
9.266224000000000160e+03
9.268211999999999534e+03
9.270200999999999112e+03
9.272221999999999753e+03
9.274212999999999738e+03
9.276204999999999927e+03
9.278198000000000320e+03
9.280221999999999753e+03
9.282216000000000349e+03
9.284211999999999534e+03
9.286208000000000538e+03
9.288204999999999927e+03
9.290203999999999724e+03
9.292202999999999520e+03
9.294202999999999520e+03
9.296202999999999520e+03
9.298204999999999927e+03
9.300208000000000538e+03
9.302211999999999534e+03
9.304216000000000349e+03
9.306220999999999549e+03
9.308197000000000116e+03
9.310203999999999724e+03
9.312211999999999534e+03
9.314220999999999549e+03
9.316200999999999112e+03
9.318210999999999331e+03
9.320222999999999956e+03
9.322204999999999927e+03
9.324218000000000757e+03
9.326201999999999316e+03
9.328217000000000553e+03
9.330202999999999520e+03
9.332219999999999345e+03
9.334207000000000335e+03
9.336226000000000568e+03
9.338215000000000146e+03
9.340204999999999927e+03
9.342227000000000771e+03
9.344218000000000757e+03
9.346210999999999331e+03
9.348203999999999724e+03
9.350199000000000524e+03
9.352225000000000364e+03
9.354220999999999549e+03
9.356218000000000757e+03
9.358216000000000349e+03
9.360215000000000146e+03
9.362215000000000146e+03
9.364215000000000146e+03
9.366217000000000553e+03
9.368218999999999141e+03
9.370221999999999753e+03
9.372227000000000771e+03
9.374200999999999112e+03
9.376207000000000335e+03
9.378213999999999942e+03
9.380220999999999549e+03
9.382199000000000524e+03
9.384208000000000538e+03
9.386218999999999141e+03
9.388199000000000524e+03
9.390210999999999331e+03
9.392224000000000160e+03
9.394207000000000335e+03
9.396221999999999753e+03
9.398207000000000335e+03
9.400224000000000160e+03
9.402209999999999127e+03
9.404197000000000116e+03
9.406217000000000553e+03
9.408206000000000131e+03
9.410227000000000771e+03
9.412218000000000757e+03
9.414209000000000742e+03
9.416201999999999316e+03
9.418227000000000771e+03
9.420220999999999549e+03
9.422216000000000349e+03
9.424211999999999534e+03
9.426209000000000742e+03
9.428207000000000335e+03
9.430206000000000131e+03
9.432206000000000131e+03
9.434206000000000131e+03
9.436207000000000335e+03
9.438209999999999127e+03
9.440212999999999738e+03
9.442217000000000553e+03
9.444221999999999753e+03
9.446195999999999913e+03
9.448202999999999520e+03
9.450210999999999331e+03
9.452218999999999141e+03
9.454197000000000116e+03
9.456207000000000335e+03
9.458218999999999141e+03
9.460199000000000524e+03
9.462211999999999534e+03
9.464226000000000568e+03
9.466209000000000742e+03
9.468224000000000160e+03
9.470209000000000742e+03
9.472227000000000771e+03
9.474212999999999738e+03
9.476200999999999112e+03
9.478220999999999549e+03
9.480209999999999127e+03
9.482200000000000728e+03
9.484222999999999956e+03
9.486215000000000146e+03
9.488207000000000335e+03
9.490200999999999112e+03
9.492227000000000771e+03
9.494221999999999753e+03
9.496218999999999141e+03
9.498216000000000349e+03
9.500213999999999942e+03
9.502212999999999738e+03
9.504211999999999534e+03
9.506212999999999738e+03
9.508213999999999942e+03
9.510217000000000553e+03
9.512219999999999345e+03
9.514224000000000160e+03
9.516197000000000116e+03
9.518202999999999520e+03
9.520209999999999127e+03
9.522217000000000553e+03
9.524226000000000568e+03
9.526202999999999520e+03
9.528213999999999942e+03
9.530225000000000364e+03
9.532204999999999927e+03
9.534218000000000757e+03
9.536199000000000524e+03
9.538213999999999942e+03
9.540197000000000116e+03
9.542213999999999942e+03
9.544199000000000524e+03
9.546217000000000553e+03
9.548203999999999724e+03
9.550224000000000160e+03
9.552212999999999738e+03
9.554201999999999316e+03
9.556225000000000364e+03
9.558216000000000349e+03
9.560208000000000538e+03
9.562200999999999112e+03
9.564227000000000771e+03
9.566221999999999753e+03
9.568217000000000553e+03
9.570213999999999942e+03
9.572210999999999331e+03
9.574209000000000742e+03
9.576208000000000538e+03
9.578208000000000538e+03
9.580209000000000742e+03
9.582210999999999331e+03
9.584212999999999738e+03
9.586217000000000553e+03
9.588220999999999549e+03
9.590226000000000568e+03
9.592200000000000728e+03
9.594207000000000335e+03
9.596213999999999942e+03
9.598222999999999956e+03
9.600200000000000728e+03
9.602209999999999127e+03
9.604221999999999753e+03
9.606200999999999112e+03
9.608213999999999942e+03
9.610227999999999156e+03
9.612209999999999127e+03
9.614226000000000568e+03
9.616209999999999127e+03
9.618227000000000771e+03
9.620212999999999738e+03
9.622199000000000524e+03
9.624218999999999141e+03
9.626207000000000335e+03
9.628195999999999913e+03
9.630218999999999141e+03
9.632209999999999127e+03
9.634200999999999112e+03
9.636227000000000771e+03
9.638219999999999345e+03
9.640213999999999942e+03
9.642209000000000742e+03
9.644204999999999927e+03
9.646201999999999316e+03
9.648199000000000524e+03
9.650198000000000320e+03
9.652197000000000116e+03
9.654197000000000116e+03
9.656198000000000320e+03
9.658200000000000728e+03
9.660202999999999520e+03
9.662207000000000335e+03
9.664211999999999534e+03
9.666217000000000553e+03
9.668222999999999956e+03
9.670197000000000116e+03
9.672204999999999927e+03
9.674213999999999942e+03
9.676224000000000160e+03
9.678200999999999112e+03
9.680212999999999738e+03
9.682225000000000364e+03
9.684204999999999927e+03
9.686218999999999141e+03
9.688200999999999112e+03
9.690217000000000553e+03
9.692200000000000728e+03
9.694218000000000757e+03
9.696202999999999520e+03
9.698221999999999753e+03
9.700209000000000742e+03
9.702197000000000116e+03
9.704218999999999141e+03
9.706208000000000538e+03
9.708199000000000524e+03
9.710222999999999956e+03
9.712215000000000146e+03
9.714208000000000538e+03
9.716201999999999316e+03
9.718195999999999913e+03
9.720225000000000364e+03
9.722220999999999549e+03
9.724218999999999141e+03
9.726217000000000553e+03
9.728215000000000146e+03
9.730215000000000146e+03
9.732216000000000349e+03
9.734217000000000553e+03
9.736218999999999141e+03
9.738222999999999956e+03
9.740227000000000771e+03
9.742198000000000320e+03
9.744203999999999724e+03
9.746209999999999127e+03
9.748218000000000757e+03
9.750226000000000568e+03
9.752200999999999112e+03
9.754210999999999331e+03
9.756221999999999753e+03
9.758200000000000728e+03
9.760212999999999738e+03
9.762226000000000568e+03
9.764207000000000335e+03
9.766221999999999753e+03
9.768203999999999724e+03
9.770220999999999549e+03
